11  
11  

11  
13  

11  
14  

11  
16  

11  
17  

11  
19  

11  
31  

11  
34  

11  
37  

11  
41  

11  
43  

11  
47  

11  
61  

11  
67  

11  
71  

11  
73  

11  
74  

11  
76  

11  
79  

11  
91  

11  
97  

13  
11  

13  
14  

13  
17  

13  
41  

13  
47  

13  
71  

13  
74  

14  
11  

14  
13  

14  
17  

14  
31  

14  
37  

14  
71  

14  
73  

16  
11  

16  
17  

16  
71  

17  
11  

17  
13  

17  
14  

17  
16  

17  
19  

17  
31  

17  
34  

17  
41  

17  
43  

17  
61  

17  
91  

19  
11  

19  
17  

19  
71  

31  
11  

31  
14  

31  
17  

31  
41  

31  
47  

31  
71  

31  
74  

34  
11  

34  
17  

34  
71  

37  
11  

37  
14  

37  
41  

41  
11  

41  
13  

41  
17  

41  
31  

41  
37  

41  
71  

41  
73  

43  
11  

43  
17  

43  
71  

47  
11  

47  
13  

47  
31  

61  
11  

61  
17  

61  
71  

67  
11  

71  
11  

71  
13  

71  
14  

71  
16  

71  
19  

71  
31  

71  
34  

71  
41  

71  
43  

71  
61  

71  
91  

73  
11  

73  
14  

73  
41  

74  
11  

74  
13  

74  
31  

76  
11  

79  
11  

91  
11  

91  
17  

91  
71  

97  
11
